Posn (Âµm),C At%,O At%,Ga At%,Na At%,Si At%,Ca At%,K At%,S At%,,,左からカーボン蒸着膜、PEDOT/PU、ガラス,,,,縦軸は原子%0.000,91.94931,2.258002,5.628197,0,0.1279753,0,0.02954349,0.006973706,,,,,,,0.043,91.60359,2.386133,5.637352,0.05120006,0.2454361,0,0.01031801,0.06597642,,,,,,,0.086,91.24863,2.521033,5.683467,0.06370756,0.2499039,0.1740468,0.01618534,0.04303722,,,,,,,0.129,91.15768,2.699156,5.68925,0.03143386,0.2409517,0,0.1238002,0.05771124,,,,,,,0.172,91.09122,2.824391,5.632364,0,0.2784958,0.08458684,0.02291567,0.06601963,,,,,,,0.215,91.1237,2.809976,5.679991,0,0.2286486,0.09955011,0.05169507,0.006431054,,,,,,,0.258,91.0983,2.674459,5.667476,0.06092408,0.3733211,0.01869616,0.06738734,0.03945364,,,,,,,0.301,91.35474,2.556632,5.667265,0.04268066,0.2652566,0.03325278,0.01971226,0.06045695,,,,,,,0.344,91.07543,2.588707,5.799789,0,0.2668102,0.02887923,0.1678824,0.07250063,,,,,,,0.387,91.37909,2.471432,5.696172,0.02158566,0.3035,0,0.006070443,0.1221476,,,,,,,0.430,91.50227,2.477257,5.72832,0,0.186543,0.04815619,0,0.05745152,,,,,,,0.473,91.24874,2.359979,5.983944,0.1061396,0.1773034,0.05455802,0.0206389,0.04869605,,,,,,,0.516,91.40191,2.332756,5.987192,0,0.246527,0,0,0.0316112,,,,,,,0.559,91.21044,2.463425,5.956726,0,0.2671196,0,0.08276548,0.01952115,,,,,,,0.602,90.58465,2.916449,5.905365,0.1240616,0.3081984,0.07696627,0.07656965,0.007749904,,,,,,,0.644,89.3977,3.733938,6.113652,0.008223791,0.4718007,0.122684,0.009965932,0.1420247,,,,,,,0.687,88.60429,4.521131,6.043569,0.07293154,0.5392942,0.126422,0.03182004,0.06055682,,,,,,,0.730,87.66825,5.13812,6.058571,0,0.6713206,0.1851506,0.1624217,0.1161551,,,,,,,0.773,86.87653,5.773525,5.998536,0.1231543,0.8577092,0.1314413,0.09144282,0.1476635,,,,,,,0.816,86.068,6.539226,6.004576,0.08207271,0.8721653,0.1510548,0.05567579,0.2272162,,,,,,,0.859,84.57605,7.505373,5.935709,0.253449,1.043314,0.1402636,0.2158869,0.3299567,,,,,,,0.902,83.60867,8.351861,5.665919,0.4051346,1.185156,0.2142077,0.14742,0.4216247,,,,,,,0.945,81.58115,10.26671,5.447196,0.3979029,1.324891,0.3151495,0.1297714,0.5372268,,,,,,,0.988,79.54929,12.21311,4.982035,0.4983208,1.495835,0.4706882,0,0.7907317,,,,,,,1.031,76.52758,14.53041,4.591093,0.617359,1.937694,0.708858,0.05276875,1.034241,,,,,,,1.074,73.10347,16.92019,4.33346,0.761825,2.427974,1.00716,0.2144498,1.23147,,,,,,,1.117,70.53905,17.93801,4.407385,0.9118188,3.238951,1.360203,0.2709312,1.333659,,,,,,,1.160,70.01423,18.05478,4.493977,0.8862656,3.624068,1.256711,0.3708946,1.299083,,,,,,,1.203,68.14862,18.83824,4.757131,1.168325,4.181343,1.195829,0.2919146,1.418601,,,,,,,1.246,66.26067,19.6203,5.23731,1.230222,4.592007,1.255349,0.3915648,1.41258,,,,,,,1.289,65.84141,19.31617,5.513825,1.3292,4.846281,1.512575,0.2346761,1.40586,,,,,,,1.332,65.85276,19.22239,5.511774,1.44985,4.90808,1.378462,0.3414667,1.335211,,,,,,,1.375,65.39191,19.37078,5.484492,1.446001,5.154232,1.343588,0.4188103,1.390196,,,,,,,1.418,64.16841,19.35439,5.640058,1.74028,5.535612,1.656104,0.4301172,1.475028,,,,,,,1.461,63.10014,20.09167,5.641524,1.687716,5.68179,1.668944,0.4903099,1.637909,,,,,,,1.504,63.16422,20.2738,5.73212,1.892981,5.373492,1.692198,0.3546405,1.516555,,,,,,,1.547,62.40419,20.57351,5.795831,1.841825,5.691904,1.710027,0.3529057,1.629817,,,,,,,1.590,59.64059,21.99913,6.303885,1.905771,6.053427,1.982705,0.5441666,1.570319,,,,,,,1.633,57.99845,23.12296,6.503134,2.099088,6.071457,2.055452,0.5685053,1.580956,,,,,,,1.676,57.96214,24.18105,6.371825,1.735125,6.125872,1.89212,0.247047,1.484817,,,,,,,1.719,54.53469,26.47528,6.771058,2.031349,6.431839,1.992379,0.3598596,1.403534,,,,,,,1.762,52.0957,27.79307,7.321289,2.092671,7.049707,1.864716,0.2913601,1.491496,,,,,,,1.805,50.73298,28.90287,7.267193,2.048435,7.196988,1.809056,0.6045789,1.437899,,,,,,,1.847,48.94942,30.2255,7.555547,2.004524,7.19593,1.999314,0.4144773,1.655292,,,,,,,1.890,48.39935,30.68196,7.489231,2.146105,7.064038,2.140949,0.5249352,1.553425,,,,,,,1.933,46.56629,32.04624,7.734381,2.252347,7.528836,1.682372,0.5130191,1.676511,,,,,,,1.976,46.98624,31.44865,7.759712,2.29018,7.676466,1.837149,0.3500755,1.651525,,,,,,,2.019,45.79313,32.51539,7.549924,2.103266,7.426009,2.094386,0.7613946,1.756503,,,,,,,2.062,47.3393,32.30178,7.540401,1.88809,7.102074,1.804726,0.3268507,1.696784,,,,,,,2.105,47.19368,32.64288,7.517875,1.996262,7.093273,1.632624,0.5056793,1.417717,,,,,,,2.148,45.53175,33.48119,7.805032,2.235445,7.500459,1.799322,0.3104919,1.336313,,,,,,,2.191,45.71865,32.92685,7.688478,2.426204,7.180235,1.891384,0.5513743,1.61682,,,,,,,2.234,46.90247,32.9222,7.340417,2.129565,6.953865,1.883073,0.5600523,1.308352,,,,,,,2.277,47.64122,32.4086,7.376694,2.124983,6.958832,1.679494,0.3974938,1.412704,,,,,,,2.320,47.77596,32.76058,7.275592,2.030331,6.870642,1.766767,0.3066376,1.213482,,,,,,,2.363,49.32476,31.82052,7.065387,2.032363,6.619801,1.507686,0.2963618,1.333108,,,,,,,2.406,49.60221,31.1898,6.900191,2.197786,6.595118,1.913157,0.3676244,1.234105,,,,,,,2.449,50.01519,31.56986,6.976468,2.078836,6.157993,1.47518,0.4530714,1.273406,,,,,,,2.492,49.51256,31.92037,6.998779,2.109478,6.485474,1.594481,0.2912425,1.087615,,,,,,,2.535,51.17079,31.22012,6.509565,1.934377,6.255856,1.409267,0.3856942,1.114343,,,,,,,2.578,49.46575,32.18515,6.510015,2.122516,6.436538,1.691956,0.3498907,1.238198,,,,,,,2.621,51.27186,30.88036,6.400224,2.151526,6.061081,1.629025,0.4285474,1.177376,,,,,,,2.664,51.5097,31.52279,6.145383,1.800412,5.965554,1.522019,0.3778468,1.156298,,,,,,,2.707,53.02122,30.24873,5.864825,2.010188,5.800214,1.544284,0.4433693,1.067173,,,,,,,2.750,53.44656,30.60888,5.652781,1.747555,6.061565,1.321771,0.2430496,0.9178298,,,,,,,2.793,52.09403,31.44583,5.421959,1.903679,6.222918,1.64763,0.3409999,0.9229527,,,,,,,2.836,52.20502,31.67991,5.347649,1.804808,6.242079,1.460357,0.3255762,0.9345919,,,,,,,2.879,52.693,31.22337,4.994511,1.793279,6.62831,1.394703,0.3776076,0.8952167,,,,,,,2.922,50.3242,33.00828,4.894203,1.902857,7.125132,1.55518,0.336538,0.8536162,,,,,,,2.965,50.4397,32.81831,4.508976,2.007281,7.360347,1.43924,0.4528163,0.9733372,,,,,,,3.008,48.43761,34.16422,4.376619,2.038182,8.250082,1.551967,0.389951,0.7913585,,,,,,,3.051,44.48419,36.8902,4.209536,1.843175,9.390372,1.945375,0.4014705,0.8356884,,,,,,,3.093,39.98481,39.47689,4.266978,1.924409,11.13648,2.056066,0.4444605,0.7099003,,,,,,,3.136,33.8029,43.51028,4.285998,1.990292,13.25757,2.178387,0.5543325,0.4202547,,,,,,,3.179,25.40687,48.73606,4.44401,1.802871,16.39042,2.488253,0.3976652,0.3338706,,,,,,,3.222,21.54046,51.11592,4.221222,1.849894,17.725,2.637024,0.5791365,0.3313393,,,,,,,3.265,15.10783,54.74346,4.497458,1.971655,19.75525,3.018595,0.6670086,0.2387528,,,,,,,3.308,11.37753,57.33225,4.495332,2.044866,21.10085,3.079963,0.4458481,0.1233562,,,,,,,3.351,6.452034,60.33213,4.420023,1.947598,23.2647,2.816849,0.5386854,0.227996,,,,,,,3.394,4.464523,61.23048,4.509048,1.952825,23.76742,3.479993,0.5159974,0.07972705,,,,,,,3.437,3.844592,61.74683,4.725312,1.999625,23.60857,3.336051,0.5064623,0.2325651,,,,,,,3.480,2.264322,62.48663,4.708703,1.835819,24.70292,3.296147,0.6787042,0.02676398,,,,,,,3.523,2.920974,62.13961,4.663414,1.867567,24.52114,3.100073,0.6621127,0.1250943,,,,,,,3.566,0.6434242,62.96651,4.876425,2.036536,25.32283,3.489367,0.4410419,0.2238604,,,,,,,3.609,0.2970731,62.91551,4.990741,2.016184,25.80509,3.169602,0.6130886,0.1927222,,,,,,,3.652,1.894912,61.46848,5.269077,1.959013,25.89599,2.904965,0.5949013,0.01265236,,,,,,,3.695,0,63.39039,5.313917,1.90138,25.68531,3.08034,0.5437981,0.08487071,,,,,,,3.738,1.201006,62.50776,5.490353,1.885185,25.33112,2.986296,0.4546952,0.1435921,,,,,,,3.781,1.96833,61.57653,5.348683,1.641767,25.60193,3.404177,0.3022044,0.1563823,,,,,,,3.824,1.130066,61.95327,5.758651,1.611218,25.68771,3.252644,0.5165208,0.08991967,,,,,,,3.867,0.9385942,62.09885,5.867925,1.621739,25.8343,3.195252,0.3708192,0.07251976,,,,,,,3.910,0.7496992,61.92963,6.136049,1.833138,25.65005,3.350617,0.2999342,0.05089386,,,,,,,3.953,1.226787,61.72565,6.064086,1.495954,25.69908,3.208448,0.4065663,0.173424,,,,,,,3.996,3.316098,60.27293,5.945761,1.464962,25.38315,3.129674,0.3131711,0.1742649,,,,,,,4.039,1.952511,60.79279,6.216674,1.583092,25.6374,3.188231,0.4701585,0.1591361,,,,,,,4.082,1.181244,61.19432,6.366208,1.701252,25.92934,3.22323,0.308787,0.09562427,,,,,,,4.125,0.1773977,61.77874,6.474535,1.494382,26.62994,2.976096,0.2769849,0.1919178,,,,,,,4.168,1.79239,61.53967,6.316531,1.373535,25.75132,2.824949,0.1635236,0.2380865,,,,,,,4.211,1.528906,61.2789,6.346618,1.382633,26.50687,2.642992,0.3130828,0,,,,,,,4.254,1.377663,60.94765,6.050052,1.363332,27.16331,2.764313,0.2523733,0.08129357,,,,,,,